[inputs/rest%3A%2F%2FVericlouds_DataFetch]
version = 6.5.0
modtime = 1475876175.710084900

[app/install/is_configured]
version = 6.5.0
modtime = 1475876175.716084700

[inputs/splunktcp%3A%2F%2F9997]
owner = admin
version = 6.5.0
modtime = 1475876558.374674800
